<html>
<head>
     <script src="https://cdn.plot.ly/plotly-latest.min.js"></script>
</head>
<body>
     <div id="8d87f197-735a-4dfd-a9a6-59da8f6a01d0" class="plotly-graph-div"></div>

<script>
    window.PLOTLYENV=window.PLOTLYENV || {};
    window.PLOTLYENV.BASE_URL="https://plot.ly";
    Plotly.newPlot('8d87f197-735a-4dfd-a9a6-59da8f6a01d0', [{"mode":"markers","xaxis":"x1","y":[13022,13022,13022,13022,13022,13022,13022,13022,13022,13022,13022,13022,13022,13022,13022,13022,13022,13022,13022,13022,13022,13022,13022,13022,13022,13022,13022,13022,13022,13022,13022,13022,13022,13022,13022,13022,13022,13022,13022,13022,13022,13022,13022,13022,13022,13022,13022,13022,13022,13022,13022,13022,13022,13022,13022,13022,13022,13022,13022,13022,13022,13022,13022,13022,13022,13022,13022,13022,13022,13022,13022,13022,13022,13022,13022,13022,13025,13033,13039,13039,13039,13039,13039,13039,13042,13050,13054,13054,13054,13054,13060,13070,13074,13074,13074,13074,13074,13074,13080,13089,13092,13092,13092,13092,13092,13092,13101,13112,13114,13114,13122,13132,13133,13133,13133,13133,13141,13149,13149,13149,13149,13149,13149,13150,13161,13170,13170,13170,13170,13172,13182,13189,13189,13191,13199,13204,13204,13204,13204,13204,13204,13204,13204,13208,13218,13223,13223,13223,13223,13227,13236,13240,13240,13245,13254,13258,13258,13258,13258,13258,13258,13265,13275,13277,13277,13277,13277,13283,13292,13293,13293,13293,13293,13293,13293,13293,13293,13293,13293,13293,13293,13293,13293,13293,13293,13293,13293,13293,13293,13293,13293,13293,13293,13293,13293,13293,13293,13293,13293,13293,13293,13293,13293,13293,13290,13282,13278,13278,13278,13278,13273,13263,13259,13259,13259,13259,13254,13246,13243,13243,13238,13230,13228,13228,13228,13228,13222,13214,13212,13212,13205,13197,13196,13196,13196,13196,13196,13196,13188,13179,13171,13164,13164,13163,13154,13145,13145,13143,13132,13123,13123,13121,13111,13101,13092,13084,13075,13067,13059,13051,13042,13033,13025,13020,13020,13016,13007,13002,13002,12996,12984,12974,12965,12961,12961,12955,12946,12936,12927,12919,12911,12909,12909,12902,12891,12883,12874,12872,12872,12863,12852,12844,12836,12835,12835,12826,12815,12808,12800,12793,12785,12785,12785,12777,12770,12770,12769,12760,12751,12743,12737,12737,12737,12737,12735,12726,12720,12720,12717,12709,12703,12703,12703,12703,12699,12690,12685,12685,12681,12673,12669,12669,12669,12669,12665,12656,12653,12653,12653,12653,12647,12639,12636,12636,12636,12636,12630,12622,12620,12620,12613,12605,12604,12604,12604,12604,12596,12587,12587,12587,12587,12587,12578,12570,12570,12570,12570,12570,12570,12569,12561,12554,12554,12554,12554,12554,12554,12554,12554,12554,12554,12554,12554,12554,12554,12554,12554,12554,12554,12554,12554,12554,12554,12554,12554,12554,12554,12554,12554,12559,12567,12570,12570,12575,12583,12585,12585,12585,12585,12585,12585,12592,12601,12602,12602,12602,12602,12610,12619,12619,12619,12619,12619,12619,12619,12629,12637,12637,12637,12637,12639,12649,12657,12657,12659,12666,12672,12672,12674,12682,12687,12687,12690,12697,12702,12702,12702,12702,12706,12714,12718,12718,12722,12730,12734,12734,12739,12748,12751,12751,12756,12763,12766,12766,12773,12783,12785,12785,12791,12799,12801,12801,12810,12820,12821,12821,12831,12841,12842,12842,12851,12860,12869,12877,12877,12878,12887,12895,12895,12897,12909,12921,12932,12943,12952,12961,12972,12982,12991,13001,13014,13025,13036,13047,13059,13070,13079,13089,13099,13109,13120,13130,13141,13151,13161,13171,13180,13190,13201,13211,13221,13232,13243,13254,13263,13273,13283,13292,13302,13312,13321,13331,13341,13350,13359,13360,13360,13370,13380,13390,13399,13406,13414,13423,13431,13431,13432,13441,13450,13457,13464,13464,13466,13475,13482,13482,13484,13494,13501,13501,13503,13511,13516,13516,13519,13527,13532,13532,13535,13543,13548,13548,13552,13561,13565,13565,13565,13565,13569,13577,13580,13580,13580,13580,13580,13580,13580,13580,13580,13580,13580,13580,13580,13580,13580,13580,13580,13580,13580,13580,13580,13580,13580,13580,13580,13580,13580,13580,13580,13580,13580,13580,13580,13580,13580,13580,13580,13578,13570,13564,13564,13562,13554,13548,13548,13545,13537,13532,13532,13529,13521,13517,13517,13513,13505,13501,13501,13496,13487,13483,13483,13477,13466,13463,13463,13455,13444,13435,13427,13425,13425,13417,13407,13398,13388,13380,13372,13371,13371,13362,13352,13343,13334,13334,13334,13323,13312,13312,13311,13300,13290,13281,13273,13264,13256,13248,13241,13233,13225,13215,13206,13198,13189,13179,13169,13161,13151,13141,13130,13119,13108,13095,13083,13072,13060,13047,13034,13020,13006,12992,12977,12963,12951,12940,12926,12912,12899,12886,12874,12863,12851,12839,12828,12816,12803,12791,12781,12771,12760,12749,12737,12725,12714,12702,12691,12680,12669,12659,12648,12637,12626,12616,12605,12594,12583,12572,12563,12554,12545,12536,12527,12518,12509,12500,12492,12483,12475,12467,12458,12450,12442,12433,12424,12414,12404,12395,12386,12377,12369,12361,12353,12345,12337,12329,12322,12319,12319,12312,12302,12299,12299,12292,12282,12274,12266,12265,12265,12259,12251,12250,12250,12250,12250,12242,12234,12234,12234,12234,12234,12226,12218,12218,12218,12218,12218,12218,12218,12218,12218,12218,12216,12209,12203,12203,12203,12203,12203,12203,12203,12203,12203,12203,12203,12203,12203,12203,12203,12203,12203,12203,12203,12203,12203,12203,12203,12203,12203,12203,12203,12203,12203,12203,12203,12203,12203,12203,12203,12203,12203,12203,12212,12221,12222,12222,12231,12241,12250,12258,12258,12258,12258,12259,12269,12277,12277,12278,12288,12295,12295,12295,12295,12298,12308,12315,12315,12318,12328,12334,12334,12337,12347,12356,12364,12369,12369,12374,12385,12394,12402,12409,12417,12425,12433,12441,12449,12458,12467,12477,12486,12495,12504,12513,12523,12534,12545,12557,12569,12581,12592,12604,12616,12629,12641,12655,12669,12685,12700,12716,12731,12746,12760,12776,12792,12810,12827,12846,12864,12880,12897,12913,12931,12948,12967,12986,13005,13023,13041,13058,13074,13091,13107,13122,13136,13151,13165,13180,13193,13205,13219,13233,13246,13258,13271,13283,13295,13306,13318,13329,13341,13353,13363,13373,13383,13394,13403,13411,13421,13431,13440,13450,13458,13466,13475,13483,13492,13500,13507,13515,13524,13532,13541,13550,13559,13567,13567,13569,13580,13591,13600,13610,13619,13628,13636,13642,13642,13645,13657,13667,13676,13685,13694,13702,13710,13717,13725,13729,13729,13735,13747,13758,13768,13777,13786,13795,13804,13812,13820,13829,13838,13847,13855,13865,13875,13877,13877,13885,13896,13904,13912,13913,13913,13920,13928,13929,13929,13929,13929,13929,13929,13929,13929,13929,13929,13929,13929,13929,13929,13929,13929,13929,13929,13929,13929,13929,13929,13929,13929,13929,13927,13919,13914,13914,13914,13914,13910,13900,13895,13895,13895,13895,13890,13881,13877,13877,13873,13865,13862,13862,13862,13862,13862,13862,13857,13849,13847,13847,13847,13847,13847,13847,13840,13831,13830,13830,13830,13830,13830,13830,13822,13814,13814,13814,13814,13814,13814,13813,13805,13798,13798,13798,13798,13796,13787,13780,13780,13778,13769,13763,13763,13760,13750,13741,13733,13725,13716,13707,13699,13691,13683,13675,13667,13658,13649,13640,13632,13624,13616,13608,13601,13593,13585,13577,13568,13560,13551,13543,13535,13527,13518,13510,13501,13491,13481,13472,13463,13454,13444,13434,13423,13413,13404,13394,13385,13374,13364,13354,13344,13335,13325,13315,13305,13296,13287,13277,13266,13256,13245,13236,13226,13215,13204,13193,13181,13168,13155,13142,13129,13116,13103,13090,13075,13059,13044,13029,13015,13000,12985,12970,12956,12942,12928,12913,12901,12889,12876,12864,12850,12837,12823,12810,12796,12782,12771,12760,12748,12736,12724,12711,12700,12688,12677,12666,12656,12645,12635,12625,12616,12607,12599,12591,12583,12576,12576,12574,12564,12557,12557,12555,12547,12541,12541,12539,12531,12526,12526,12526,12526,12526,12526,12526,12526,12526,12526,12526,12526,12526,12526,12526,12526,12526,12526,12526,12526,12526,12526,12532,12541,12543,12543,12551,12561,12571,12581,12591,12602,12613,12623,12635,12646,12656,12666,12677,12688,12700,12712,12724,12735,12746,12757,12767,12778,12790,12802,12814,12826,12837,12849,12860,12870,12882,12893,12903,12914,12924,12934,12945,12956,12967,12977,12985,12994,13003,13013,13022,13032,13043,13053,13062,13072,13081,13091,13101,13111,13120,13131,13143,13153,13162,13172,13181,13192,13203,13216,13229,13240,13252,13262,13271,13282,13293,13304,13316,13329,13342,13353,13365,13376,13387,13398,13408,13419,13429,13439,13449,13457,13464,13464,13467,13477,13487,13495,13501,13501,13505,13515,13524,13531,13536,13536,13540,13548,13552,13552,13556,13564,13568,13568,13574,13583,13592,13600,13603,13603,13611,13622,13632,13641,13649,13657,13659,13659,13668,13679,13689,13699,13707,13714,13715,13715,13724,13734,13742,13750,13750,13750,13759,13768,13768,13768,13768,13769,13778,13786,13786,13786,13786,13786,13786,13786,13786,13788,13796,13802,13802,13802,13802,13802,13802,13802,13802,13802,13802,13802,13802,13802,13802,13802,13802,13802,13802,13802,13802,13802,13802,13802,13802,13802,13802,13802,13802,13802,13802,13795,13787,13786,13786,13786,13786,13786,13786,13778,13769,13769,13769,13769,13769,13769,13769,13769,13769,13769,13769,13769,13769,13769,13769,13769,13769,13769,13769,13769,13769,13769,13769,13769,13769,13769,13769,13769,13769,13769,13769,13769,13769,13769,13769,13769,13769,13769,13764,13755,13752,13752,13747,13739,13737,13737,13731,13723,13721,13721,13713,13704,13696,13688,13687,13687,13678,13668,13659,13650,13642,13633,13625,13616,13607,13599,13589,13580,13572,13564,13557,13549,13540,13530,13521,13512,13505,13497,13489,13480,13471,13462,13453,13445,13436,13427,13418,13410,13401,13392,13382,13372,13362,13351,13339,13329,13320,13310,13299,13288,13275,13262,13249,13236,13222,13209,13195,13183,13171,13158,13146,13131,13116,13102,13087,13076,13066,13054,13043,13032,13020,13008,12996,12984,12973,12960,12949,12938,12927,12917,12906,12894,12882,12872,12861,12850,12839,12829,12819,12810,12800,12789,12778,12767,12756,12746,12736,12727,12717,12706,12695,12684,12673,12661,12650,12639,12628,12617,12605,12594,12582,12570,12559,12548,12537,12526,12517,12507,12498,12489,12480,12472,12464,12456,12454,12454,12447,12438,12430,12423,12422,12422,12422,12422,12415,12407,12407,12407,12399,12392,12392,12391,12384,12377,12377,12377,12377,12374,12363,12353,12345,12339,12339,12336,12326,12316,12307,12299,12290,12281,12272,12263,12254,12244,12235,12225,12215,12203,12190,12179,12168,12157,12146,12135,12124,12113,12102,12091,12079,12069,12059,12050,12041,12039,12039,12031,12022,12014,12006,12005,12005,12005,12005,11998,11990,11990,11990,11981,11973,11964,11956,11956,11955,11943,11933,11923,11913,11901,11888,11877,11866,11859,11853,11853,11853,11853,11853,11853,11853,11853,11853,11853,11853,11853,11853,11853,11853,11853,11859,11870,11879,11888,11891,11891,11898,11909,11918,11927,11929,11929,11929,11929,11936,11944,11946,11946,11946,11946,11946,11946,11946,11946,11946,11946,11946,11946,11937,11929,11929,11928,11914,11901,11891,11881,11873,11865,11857,11849,11841,11835,11835,11835,11835,11831,11819,11808,11799,11790,11781,11773,11764,11756,11747,11737,11727,11716,11705,11693,11682,11671,11660,11649,11637,11626,11616,11605,11594,11586,11578,11576,11576,11576,11576,11570,11562,11560,11560,11560,11560,11560,11560,11560,11560,11560,11560,11560,11560,11571,11581,11581,11581,11581,11581,11581,11581,11581,11581,11581,11581,11581,11581,11581,11581,11581,11581,11581,11581,11581,11581,11581,11581,11581,11581,11581,11581,11581,11581,11581,11581,11581,11581,11581,11581,11581,11581,11581,11586,11594,11604,11615,11626,11637,11649,11661,11670,11678,11689,11700,11713,11726,11737,11749,11759,11770,11779,11788,11797,11806,11815,11823,11823,11824,11835,11845,11855,11864,11864,11866,11878,11889,11901,11911,11922,11932,11942,11953,11966,11979,11993,12008,12023,12039,12055,12072,12088,12105,12123,12139,12156,12171,12187,12200,12212,12224,12235,12245,12255,12264,12272,12275,12275,12275,12275,12275,12275,12275,12275,12275,12275,12275,12275,12275,12275,12275,12275,12275,12275,12275,12275,12275,12275,12275,12275,12275,12275,12275,12274,12266,12259,12259,12259,12259,12259,12259,12259,12259,12259,12259,12259,12259,12259,12259,12256,12248,12244,12244,12244,12244,12244,12244,12244,12244,12244,12244,12244,12244,12244,12244,12244,12244,12244,12244,12244,12244,12244,12244,12244,12244,12244,12244,12251,12260,12261,12261,12269,12279,12279,12279,12279,12279,12287,12295,12295,12295,12295,12295,12295,12295,12295,12295,12295,12295,12295,12295,12295,12297,12305,12310,12310,12314,12325,14457,14457,14464,14475,14480,14480,14487,14499,14508,14517,14519,14519,14526,14534,14536,14536,14543,14552,14553,14553,14561,14570,14570,14570,14578,14586,14586,14586,14586,14586,14586,14586,14586,14586,14586,14586,14586,14586,14586,14586,14586,14586,14586,14586,14586,14582,14572,14561,14550,14537,14525,14513,14502,14491,14479,14467,14455,14442,14428,14415,14401,14388,14374,14359,14343,14327,14312,14295,14278,14262,14247,14232,14217,14201,14185,14168,14152,14134,14117,14099,14081,14063,14045,14028,14011,13992,13974,13957,13940,13922,13904,13888,13872,13856,13841,13828,13815,13802,13789,13777,13765,13755,13745,13735,13725,13717,13709,13700,13692,13684,13679,13679,13675,13666,13662,13662,13658,13650,13646,13646,13646,13646,13641,13634,13631,13631,13631,13631,13631,13631,13625,13617,13615,13615,13615,13615,13615,13615,13615,13615,13615,13615,13615,13615,13615,13615,13615,13615,13615,13615,13615,14780,14780,14780,14780,14780,14780,14780,14780,14780,14780,14780,14780,14780,14780,14780,14780,14780,14780,14780,14780,14780,14780,14780,14780,14780,14780,14780,14780,14780,14780,14780,14780,14780,14780,14780,14780,14780,14782,14791,14798,14798,14798,14798,14800,14808,14813,14813,14813,14813,14816,14825,14830,14830,14830,14830,14834,14843,14847,14847,14847,14847,14852,14860,14863,14863,14863,14863,14863,14863,14869,14877,14879,14879,14879,14879,14879,14879,14879,14879,14879,14879,14879,14879,14879,14879,14879,14879,14879,14879,14879,14879,14879,14879,14879,14879,14879,14879,14879,14878,14870,14864,14864,14864,14864,14861,14852,14846,14846,14843,14836,14831,14831,14828,14820,14815,14815,14815,14815,14809,14799,14794,14794,14788,14778,14768,14759,14751,14744,14741,14741,14733,14722,14712,14703,14694,14685,14676,14667,14659,14651,14642,14633,14624,14615,14606,14597,14589,14581,14581,14581,14570,14559,14549,14539,14532,14524,14516,14510,14510,14508,14500,14491,14482,14473,14465,14460,14460,14457,14447,14438,14431,14423,14414,14409,14409,14405,14396,14392,14392,14388,14379,14375,14375,14375,14375,14369,14360,14357,14357,14357,14357,14357,14357,14357,14357,14357,14357,14357,14357,14357,14357,14357,14357,14357,14357,14357,14357,14357,14357,14357,14358,14369,14381,14391,14400,14400,14401,14410,14417,14417,14419,14430,14440,14449,14457,14465,14472,14480,14488,14496,14501,14501,14506,14517,14527,14536,14544,14552,14556,14556,14561,14569,14573,14573,14579,14589,14598,14607,14610,14610,14616,14625,14633,14642,14644,14644,14652,14662,14664,14664,14673,14684,14685,14685,14695,14707,14715,14724,14724,14724,14724,14724,14732,14740,14740,14740,14740,14740,14740,14740,14740,14740,14740,14740,14740,14740,14740,14740,14740,14740,14740,14740,14740,14740,14740,14736,14727,14719,14711,14702,14693,14684,14676,13821,13821,13821,13821,13821,13821,13821,13821,13821,13821,13821,13821,13814,13803,13800,13800,13800,13800,13800,13800,13800,13800,13800,13800,13800,13800,13800,13800,13800,13800,13800,13800,13809,13818,13818,13819,13829,13839,13849,13858,13868,13877,13887,13897,13907,13916,13925,13935,13944,13954,13963,13973,13983,13993,14002,14011,14019,14028,14038,14048,14058,14068,14078,14088,14098,14108,14117,14128,14138,14150,14162,14174,14187,14198,14208,14219,14229,14241,14253,14264,14275,14286,14297,14305,14313,14314,14314,14323,14333,14342,14351,14351,14351,14351,14351,14351,14352,14360,14367,14367,14367,14367,14367,14367,14367,14367,14367,14367,14367,14367,14367,14367,14367,14367,14367,14367,14367,14367,14367,14367,14367,14367,14367,14367,14367,14367,14367,14367,14586,14599,14609,14609,14609,14609,14612,14624,14635,14644,14650,14650,14653,14661,14666,14666,14670,14680,14684,14684,14689,14698,14706,14714,14717,14717,14723,14732,14735,14735,14741,14749,14751,14751,14759,14768,14770,14770,14770,14770,14778,14786,14787,14787,14795,14803,14803,14803,14803,14803,14803,14804,14812,14820,14820,14820,14820,14820,14820,14820,14820,14820,14820,14820,14820,14820,14820,14820,14820,14820,14820,14820,14820,14820,14820,14816,14808,14804,14804,14799,14788,14780,14772,14765,14757,14754,14754,14746,14734,14723,14713,14703,14693,14684,14674,14664,14655,14645,14635,14625,14614,14604,14594,14583,14572,14561,14550,14540,14530,14519,14508,14496,14484,14474,14464,14455,14445,14435,14425,14416,14406,14395,14387,14387,14384,14373,14364,14355,14347,14338,14333,14333,14330,14321,14316,14316,14316,14316,14316,14316,14316,14316,14316,14316,14316,14316,14316,14316,14316,14316,14316,14316,14316,14316,14324,14334,14345,14355,14365,14375,14386,14397,14410,14422,14434,14446,14459,14472,14485,14498,14510,14523,14536,14549,14561,14574,14586,14598,14609,14620,14632,14643,14654,14665,14676,14687,14698,14708,14718,14728,14737,14746,14755,14763,14771,14776,14776,14780,14790,14794,14794,14794,14794,14794,14794,14794,14794,14794,14794,14794,14794,14794,14794,14794,14794,14786,14776,14766,14757,14747],"type":"scatter","yaxis":"y1","x":[18651,18651,18651,18651,18659,18666,18666,18666,18666,18666,18666,18666,18666,18666,18666,18666,18666,18666,18666,18666,18666,18666,18666,18666,18666,18666,18666,18666,18666,18666,18666,18666,18666,18666,18666,18666,18666,18666,18666,18666,18666,18666,18666,18666,18666,18666,18666,18666,18666,18666,18666,18666,18666,18666,18666,18666,18666,18666,18666,18666,18666,18658,18651,18651,18651,18651,18651,18651,18651,18651,18651,18651,18649,18640,18634,18634,18634,18634,18634,18634,18634,18634,18634,18634,18634,18634,18630,18623,18619,18619,18619,18619,18619,18619,18619,18619,18619,18619,18614,18605,18603,18603,18603,18603,18603,18603,18603,18603,18603,18603,18603,18603,18603,18603,18603,18603,18603,18603,18603,18603,18595,18588,18588,18588,18588,18588,18588,18588,18588,18588,18588,18588,18588,18588,18588,18588,18588,18588,18588,18588,18588,18588,18588,18588,18588,18588,18588,18588,18588,18588,18588,18588,18588,18588,18588,18588,18588,18594,18602,18605,18605,18605,18605,18611,18620,18622,18622,18622,18622,18629,18637,18638,18638,18645,18652,18653,18653,18661,18669,18669,18669,18677,18685,18685,18686,18696,18705,18713,18719,18719,18721,18731,18741,18749,18755,18755,18758,18768,18778,18786,18795,18802,18807,18807,18812,18822,18832,18841,18850,18859,18863,18863,18869,18880,18889,18899,18907,18915,18923,18930,18933,18933,18940,18950,18959,18968,18970,18970,18978,18987,18995,19003,19004,19004,19013,19022,19023,19023,19031,19040,19040,19040,19050,19059,19059,19060,19067,19074,19074,19076,19085,19092,19092,19094,19101,19107,19107,19107,19107,19110,19120,19126,19126,19126,19126,19129,19137,19141,19141,19145,19152,19156,19156,19156,19156,19156,19156,19156,19156,19156,19156,19156,19156,19156,19156,19156,19156,19156,19156,19156,19156,19156,19156,19156,19156,19156,19156,19156,19156,19156,19156,19156,19156,19156,19156,19156,19156,19156,19156,19156,19156,19156,19156,19156,19156,19156,19154,19145,19139,19139,19139,19139,19136,19128,19123,19123,19120,19112,19108,19108,19108,19108,19108,19108,19103,19094,19090,19090,19085,19078,19075,19075,19075,19075,19068,19057,19055,19055,19048,19039,19037,19037,19030,19022,19021,19021,19013,19003,19003,19003,18996,18988,18988,18988,18978,18970,18970,18969,18959,18951,18951,18949,18940,18932,18932,18930,18920,18911,18903,18897,18897,18894,18884,18875,18868,18863,18863,18859,18849,18844,18844,18838,18826,18816,18807,18798,18790,18787,18787,18780,18769,18759,18750,18741,18732,18724,18716,18708,18700,18698,18698,18689,18678,18668,18659,18650,18642,18641,18641,18630,18619,18611,18603,18595,18588,18579,18572,18572,18571,18560,18550,18542,18533,18524,18515,18507,18501,18501,18498,18488,18478,18469,18463,18463,18459,18448,18439,18431,18426,18426,18422,18412,18408,18408,18402,18391,18382,18374,18371,18371,18365,18356,18353,18353,18346,18336,18333,18333,18326,18317,18308,18299,18298,18298,18291,18282,18281,18281,18273,18264,18264,18264,18255,18246,18246,18245,18237,18229,18229,18228,18220,18213,18213,18213,18213,18213,18213,18213,18213,18213,18213,18213,18213,18213,18213,18213,18213,18213,18213,18213,18213,18213,18213,18213,18213,18213,18213,18213,18213,18213,18213,18213,18213,18213,18213,18213,18213,18213,18213,18213,18213,18213,18213,18213,18213,18220,18228,18236,18243,18244,18244,18251,18259,18259,18259,18268,18278,18287,18295,18295,18296,18306,18315,18323,18330,18330,18333,18344,18352,18352,18355,18367,18377,18386,18395,18404,18412,18420,18428,18436,18445,18455,18465,18475,18485,18496,18506,18517,18528,18539,18549,18559,18570,18581,18592,18605,18616,18627,18639,18651,18662,18673,18685,18697,18709,18721,18733,18746,18758,18769,18782,18795,18807,18820,18834,18847,18860,18874,18887,18900,18913,18927,18939,18951,18965,18978,18990,19003,19016,19029,19041,19054,19067,19080,19093,19106,19118,19131,19143,19156,19170,19183,19197,19211,19224,19238,19252,19265,19278,19291,19304,19318,19333,19346,19359,19373,19386,19401,19415,19428,19440,19452,19463,19475,19487,19499,19510,19521,19533,19543,19554,19563,19573,19582,19592,19601,19610,19620,19629,19637,19645,19652,19659,19659,19661,19672,19681,19689,19695,19695,19697,19705,19711,19711,19714,19722,19727,19727,19727,19727,19727,19727,19727,19727,19731,19738,19742,19742,19742,19742,19742,19742,19742,19742,19742,19742,19742,19742,19742,19742,19742,19742,19742,19742,19742,19742,19742,19742,19742,19742,19742,19742,19742,19742,19742,19742,19742,19742,19742,19742,19742,19741,19732,19725,19725,19725,19725,19723,19715,19709,19709,19707,19699,19694,19694,19694,19694,19690,19679,19673,19673,19668,19658,19648,19639,19634,19634,19628,19617,19607,19598,19589,19581,19578,19578,19571,19560,19550,19540,19537,19537,19528,19517,19508,19500,19490,19480,19472,19463,19455,19447,19438,19429,19421,19412,19403,19395,19386,19377,19368,19359,19351,19342,19333,19323,19313,19303,19292,19280,19268,19256,19244,19233,19222,19210,19199,19186,19173,19160,19148,19136,19123,19110,19098,19086,19074,19062,19049,19037,19023,19010,18997,18985,18972,18960,18947,18934,18922,18909,18896,18883,18870,18857,18843,18830,18816,18801,18787,18772,18758,18745,18732,18718,18704,18690,18676,18660,18644,18629,18614,18599,18584,18570,18556,18542,18527,18513,18499,18485,18472,18458,18445,18432,18419,18408,18396,18384,18372,18359,18347,18335,18323,18312,18302,18292,18281,18270,18259,18249,18238,18228,18219,18210,18200,18190,18180,18171,18162,18154,18145,18136,18128,18121,18113,18105,18096,18088,18087,18087,18079,18070,18062,18055,18047,18039,18039,18039,18030,18021,18021,18021,18013,18005,17998,17991,17991,17990,17981,17973,17965,17959,17959,17956,17947,17938,17930,17925,17925,17925,17925,17921,17911,17901,17893,17888,17888,17888,17888,17888,17888,17883,17875,17871,17871,17871,17871,17866,17858,17855,17855,17855,17855,17855,17855,17855,17855,17855,17855,17855,17855,17855,17855,17855,17855,17855,17855,17855,17855,17855,17855,17855,17855,17855,17855,17855,17856,17865,17873,17873,17875,17886,17897,17908,17917,17926,17935,17944,17953,17962,17972,17983,17994,18005,18018,18031,18044,18058,18071,18084,18098,18114,18129,18143,18158,18174,18190,18207,18224,18242,18259,18276,18295,18313,18331,18350,18368,18387,18407,18427,18446,18465,18485,18504,18523,18542,18560,18579,18598,18617,18635,18653,18672,18691,18710,18729,18748,18767,18787,18806,18825,18844,18863,18882,18902,18922,18942,18963,18984,19004,19024,19044,19064,19084,19104,19124,19146,19168,19189,19210,19230,19251,19274,19296,19319,19340,19362,19383,19404,19426,19448,19469,19490,19510,19530,19550,19569,19589,19608,19626,19644,19660,19675,19691,19706,19720,19735,19747,19760,19772,19783,19794,19805,19815,19826,19837,19847,19857,19867,19876,19884,19892,19900,19908,19914,19914,19917,19926,19933,19933,19936,19946,19952,19952,19955,19963,19968,19968,19968,19968,19968,19968,19968,19968,19968,19968,19968,19968,19968,19968,19968,19968,19968,19968,19968,19968,19968,19968,19968,19968,19968,19968,19968,19968,19968,19968,19968,19968,19968,19968,19968,19968,19960,19953,19953,19953,19953,19952,19944,19937,19937,19937,19937,19937,19937,19937,19937,19937,19937,19937,19937,19937,19937,19937,19937,19937,19937,19937,19937,19937,19937,19937,19937,19937,19937,19937,19937,19942,19949,19952,19952,19958,19966,19969,19969,19977,19987,19995,20002,20004,20004,20013,20024,20033,20042,20050,20058,20067,20076,20084,20093,20102,20110,20119,20129,20138,20148,20157,20166,20174,20182,20192,20201,20211,20221,20231,20241,20250,20260,20270,20281,20292,20303,20314,20324,20335,20345,20356,20368,20381,20394,20405,20417,20429,20442,20456,20469,20481,20495,20508,20522,20537,20547,20556,20568,20581,20593,20605,20617,20628,20640,20652,20663,20675,20686,20697,20708,20719,20730,20740,20749,20759,20769,20778,20787,20796,20805,20812,20812,20813,20823,20831,20831,20833,20844,20854,20861,20867,20867,20870,20878,20884,20884,20887,20894,20899,20899,20899,20899,20899,20899,20899,20899,20903,20911,20915,20915,20915,20915,20915,20915,20915,20915,20915,20915,20915,20915,20915,20915,20915,20915,20915,20915,20908,20899,20898,20898,20887,20875,20865,20856,20848,20840,20830,20820,20811,20801,20792,20783,20776,20769,20769,20767,20754,20744,20744,20741,20730,20720,20712,20706,20706,20703,20693,20687,20687,20684,20676,20671,20671,20667,20658,20653,20653,20653,20653,20653,20653,20653,20653,20653,20653,20653,20653,20653,20653,20653,20653,20653,20653,20653,20653,20653,20653,20653,20653,20660,20668,20669,20669,20678,20687,20694,20702,20710,20717,20717,20718,20727,20737,20746,20755,20764,20772,20781,20790,20798,20807,20816,20825,20835,20844,20854,20864,20874,20884,20893,20903,20914,20924,20934,20945,20956,20966,20976,20987,20997,21008,21020,21031,21043,21054,21064,21075,21085,21095,21106,21117,21127,21138,21149,21159,21168,21178,21188,21198,21207,21216,21226,21235,21244,21253,21262,21270,21279,21287,21294,21303,21311,21311,21312,21323,21333,21342,21350,21350,21352,21364,21374,21382,21388,21388,21391,21400,21408,21416,21421,21421,21424,21432,21436,21436,21436,21436,21440,21447,21451,21451,21451,21451,21451,21451,21451,21451,21456,21464,21467,21467,21467,21467,21467,21467,21467,21467,21467,21467,21467,21467,21467,21467,21467,21467,21467,21467,21467,21467,21467,21466,21457,21448,21448,21447,21436,21427,21427,21426,21417,21410,21410,21408,21399,21393,21393,21393,21393,21390,21381,21375,21375,21372,21364,21359,21359,21356,21348,21344,21344,21344,21344,21344,21344,21339,21330,21327,21327,21327,21327,21327,21327,21322,21314,21312,21312,21312,21312,21312,21312,21312,21312,21312,21312,21312,21312,21312,21312,21312,21312,21312,21312,21312,21312,21312,21313,21321,21328,21328,21330,21341,21352,21360,21366,21366,21369,21380,21391,21401,21411,21420,21425,21425,21430,21442,21452,21463,21473,21482,21491,21500,21508,21516,21524,21532,21535,21535,21542,21553,21562,21570,21572,21572,21579,21589,21597,21605,21607,21607,21607,21607,21617,21629,21630,21630,21630,21630,21630,21630,21630,21630,21638,21646,21646,21646,21646,21646,21646,21646,21646,21646,21646,21646,21646,21646,21646,21644,21635,21629,21629,21626,21615,21606,21596,21588,21580,21570,21560,21550,21541,21530,21517,21506,21494,21482,21470,21457,21443,21429,21415,21401,21386,21371,21357,21341,21326,21311,21295,21278,21260,21242,21223,21204,21184,21163,21142,21120,21098,21075,21051,21026,21001,20974,20947,20921,20893,20865,20835,20803,20770,20736,20702,20667,20632,20596,20560,20522,20484,20446,20408,20373,20338,20306,20275,20245,20215,20188,20160,20132,20105,20079,20053,20027,20003,19979,19955,19932,19908,19885,19862,19839,19816,19793,19771,19750,19728,19706,19685,19664,19642,19620,19598,19575,19553,19531,19506,19481,19455,19430,19402,19374,19346,19317,19289,19261,19232,19203,19175,19146,19118,19089,19061,19034,19007,18980,18953,18927,18901,18875,18849,18823,18798,18773,18748,18724,18699,18674,18647,18621,18596,18570,18545,18521,18497,18473,18448,18422,18395,18370,18344,18320,18295,18271,18247,18225,18203,18179,18154,18129,18105,18083,18061,18038,18016,17995,17974,17954,17933,17912,17891,17869,17846,17822,17797,17772,17746,17720,17693,17666,17639,17611,17584,17556,17529,17500,17471,17443,17415,17386,17358,17331,17303,17275,17247,17219,17192,17165,17138,17111,17084,17056,17029,17001,16975,16949,16922,16894,16868,16843,16818,16795,16770,16746,16721,16695,16671,16647,16625,16603,16582,16562,16544,16525,16508,16492,16478,16464,16452,16439,16430,16420,16413,16405,16405,16405,16405,16404,16396,16389,16389,16389,16389,16389,16389,16389,16389,16389,16389,16389,16389,16389,16389,16389,16389,16392,16401,16410,16420,16430,16441,16451,16462,16472,16483,16495,16507,16520,16534,16547,16561,16575,16590,16606,16621,16638,16654,16672,16690,16709,16728,16749,16769,16790,16811,16833,16855,16880,16906,16934,16962,16987,17013,17042,17070,17099,17128,17158,17188,17219,17250,17280,17309,17340,17371,17402,17433,17464,17496,17527,17558,17589,17620,17651,17683,17714,17746,17778,17811,17844,17876,17907,17940,17973,18006,18039,18073,18106,18136,18165,18196,18227,18257,18286,18314,18342,18371,18399,18428,18456,18483,18510,18535,18559,18582,18605,18628,18650,18670,18689,18706,18724,18739,18754,18767,18779,18790,18800,18809,18817,18817,18817,18817,18818,18826,18833,18833,18833,18833,18833,18833,18835,18843,18849,18849,18849,18849,20623,20623,20623,20623,20623,20623,20623,20623,20628,20636,20638,20638,20638,20638,20638,20638,20638,20638,20638,20638,20638,20638,20638,20638,20638,20638,20638,20638,20638,20638,20638,20638,20638,20638,20638,20638,20638,20638,20638,20638,20638,20638,20638,20638,20638,20638,20638,20638,20638,20638,20638,20638,20638,20643,20652,20661,20670,20678,20686,20694,20702,20705,20705,20713,20725,20736,20745,20754,20762,20770,20777,20786,20794,20802,20810,20811,20811,20820,20831,20841,20851,20858,20866,20866,20866,20876,20886,20894,20902,20910,20919,20926,20933,20933,20935,20946,20956,20964,20973,20982,20991,20999,21007,21015,21020,21020,21024,21033,21043,21052,21057,21057,21061,21070,21074,21074,21074,21074,21079,21087,21091,21091,21091,21091,21091,21091,21091,21091,21091,21091,21091,21091,21091,21091,21091,21091,21091,21091,21091,21091,21091,21091,21091,21091,21091,21091,21091,21091,21091,21091,21091,20714,20714,20714,20714,20719,20727,20731,20731,20731,20731,20731,20731,20731,20731,20731,20731,20731,20731,20731,20731,20731,20731,20731,20731,20731,20731,20731,20731,20731,20731,20731,20731,20731,20731,20731,20731,20731,20731,20731,20731,20731,20731,20731,20731,20731,20731,20731,20731,20731,20731,20731,20731,20731,20731,20731,20731,20731,20731,20731,20726,20717,20713,20713,20708,20699,20696,20696,20689,20679,20676,20676,20669,20659,20657,20657,20647,20634,20624,20615,20614,20614,20604,20593,20583,20574,20565,20555,20546,20537,20528,20519,20519,20518,20510,20502,20494,20487,20487,20485,20474,20464,20457,20451,20451,20451,20451,20448,20438,20429,20420,20415,20415,20415,20415,20411,20402,20393,20386,20382,20382,20382,20382,20382,20382,20382,20382,20376,20368,20365,20365,20365,20365,20365,20365,20365,20365,20365,20365,20365,20365,20365,20365,20365,20365,20365,20365,20365,20365,20365,20365,20365,20365,20365,20365,20365,20365,20365,20365,20365,20365,20365,20365,20365,20365,20365,20368,20378,20388,20396,20401,20401,20405,20415,20421,20421,20426,20437,20447,20456,20464,20472,20479,20487,20495,20505,20508,20508,20515,20527,20537,20546,20556,20566,20574,20583,20585,20585,20595,20607,20617,20626,20635,20644,20652,20660,20660,20660,20670,20680,20680,20680,20692,20702,20702,20703,20713,20721,20721,20722,20731,20738,20738,20738,20738,20740,20749,20755,20755,20755,20755,20758,20766,20771,20771,20771,20771,20771,20771,20771,20771,20775,20783,20786,20786,20786,20786,20786,20786,20786,20786,20786,20786,20786,20786,20786,20786,20786,20786,20786,20786,20780,20772,20771,20771,20764,20755,20748,20740,20740,20740,20730,20721,20721,20720,20711,20703,20703,20702,20693,20686,20686,20684,20677,20671,20671,20669,20660,20654,20654,20654,20654,20654,20654,20650,20639,20633,20633,20633,20633,20633,20633,20628,20619,21418,21418,21418,21418,21418,21418,21418,21418,21418,21418,21418,21418,21418,21418,21418,21418,21412,21403,21401,21401,21401,21401,21401,21401,21401,21401,21401,21401,21401,21401,21401,21401,21401,21401,21401,21401,21401,21401,21401,21401,21401,21401,21401,21401,21401,21403,21412,21418,21418,21418,21418,21422,21432,21438,21438,21442,21450,21455,21455,21459,21467,21471,21471,21476,21484,21488,21488,21494,21504,21508,21508,21508,21508,21516,21527,21537,21546,21548,21548,21548,21548,21555,21564,21565,21565,21572,21580,21581,21581,21581,21581,21581,21581,21581,21582,21590,21597,21597,21597,21597,21597,21597,21597,21597,21597,21597,21597,21597,21597,21597,21597,21597,21597,21597,21597,21597,21597,21597,21597,21597,21597,21597,21597,21597,21597,21597,21597,21597,21949,21961,21971,21971,21971,21971,21971,21971,21971,21971,21971,21971,21974,21983,21988,21988,21988,21988,21988,21988,21988,21988,21988,21988,21988,21988,21988,21988,21988,21988,21988,21988,21988,21988,21988,21988,21988,21988,21988,21988,21988,21988,21980,21971,21971,21971,21961,21951,21942,21934,21934,21934,21934,21932,21917,21903,21894,21885,21877,21869,21860,21850,21840,21830,21821,21811,21801,21790,21780,21773,21773,21768,21756,21745,21733,21722,21710,21699,21688,21679,21671,21668,21668,21663,21653,21644,21635,21632,21632,21626,21617,21614,21614,21614,21614,21614,21614,21614,21614,21614,21614,21614,21614,21614,21614,21614,21614,21614,21614,21614,21614,21614,21614,21614,21615,21624,21633,21642,21650,21659,21668,21676,21685,21695,21705,21715,21726,21737,21748,21758,21769,21780,21794,21809,21823,21835,21847,21860,21873,21885,21898,21910,21923,21936,21948,21958,21968,21978,21987,21997,22007,22017,22028,22038,22040,22040,22048,22058,22066,22074,22081,22089,22090,22090,22090,22090,22090,22090,22090,22090,22099,22108,22108,22108,22108,22108,22108,22108,22108,22108,22108,22108,22108,22108,22108,22105,22096,22090,22090,22087,22077,22068,22060,22055,22055,22051,22041,22032,22022,22018,22018,22012,22001,21997,21997,21990,21979,21970,21962,21959,21959,21950,21938,21935,21935,21927,21916,21914,21914,21904]}],
               {"xaxis1":{"showgrid":true,"visible":true,"title":"x","domain":[0.0,1.0],"anchor":"y1"},"yaxis1":{"visible":true,"title":"y","domain":[0.0,1.0],"anchor":"x1"},"annotations":[{"yanchor":"bottom","xanchor":"center","y":1.0,"font":{"size":16},"showarrow":false,"yref":"paper","text":"Drawing of a snail","xref":"paper","x":0.5}],"autosize":false,"height":820,"width":1900,"margin":{"l":50,"b":50,"r":50,"t":60}}, {showLink: false});

 </script>

</body>
</html>
